0.997143 2
1.4257143 0
1.8542858 2
2.282857 0
2.7114286 1
3.14 0
3.5685716 2
4.425714 1
5.282857 2
5.7114286 1
6.14 2
6.5685716 1
6.997143 0
8.1757145 5
8.711429 6
9.14 0
9.568571 2
10.425715 4
11.282858 3
12.14 4
12.568573 3
12.997145 4
13.425715 3
13.854286 4
14.711429 6
15.568573 5
16.425714 1
17.282858 0
18.14 2
18.997145 6
19.425714 5
19.854286 6
20.282858 5
20.71143 6
21.89 4
22.425714 3
23.282858 4
24.14 1
24.997143 2
25.854284 4
26.282856 3
26.711428 1
27.14 0
27.568571 2
28.425713 5
29.282858 6
30.14 5
30.99714 6
31.854282 4
32.71143 3
33.56857 4
34.425713 3
35.28286 5
36.14 6
36.997143 5
37.854286 6
38.71143 0
39.14 2
39.56857 0
39.997143 2
40.425713 1
40.854282 1
41.282856 1
41.71143 1