0.06000001 0
3.3933334 2
4.8219037 1
6.7266655 5
7.6790466 6
10.0599985 0
12.440952 2
13.393332 1
15.298094 4
17.202856 3
19.107618 2
20.06 0
21.01238 1
22.917143 3
24.821905 4
26.726665 0
27.679049 2
28.631428 1
30.536192 5
32.440964 1
34.345726 6
35.298107 2
36.25049 0
37.202866 6
38.15525 0
39.10763 5
40.06001 0
41.012394 1
41.96477 0
42.917156 2
43.869534 3
45.774296 4
47.679058 1
49.58382 0
51.488583 3
52.440964 4
53.39334 2
55.7743 0
56.250484 2
56.726677 0
57.202866 1
59.583817 0
60.06001 1
60.5362 0
61.012394 5
63.393345 0
63.869537 5
64.3457 0
64.8219 6
67.20284 0
67.67904 6
68.15523 0
68.631424 2
70.53618 1
72.44095 4
74.3457 3
75.29809 4
76.25047 2
77.20284 1
78.15523 0
79.10761 5
80.05999 0
81.01237 6
81.96475 0
82.91714 2
83.869514 1
85.584595 3
87.43076 4
89.27691 2
91.12306 5
92.969215 1
93.892296 0
94.81537 6
96.430756 4
97.584595 3
98.04614 4
98.507675 2
100.353836 0
101.27691 1
102.19998 2
104.04614 3
104.507675 4
104.969215 3
105.43075 4
105.89229 1
107.73844 5
108.66153 6
109.584595 0
110.507675 1
111.430756 5
112.35383 6
113.2769 2
115.12307 0
116.046135 2
116.96922 4
117.43076 3
117.892296 0
118.81536 1
119.73844 2
120.66153 0
121.584595 5
122.507675 1
123.430756 6
124.35383 0
125.2769 2
126.19998 0
127.12306 2
128.04617 1
130.12311 2
131.50772 1
133.58464 4
135.4308 3
137.27693 5
138.20003 6
139.1231 0
140.04617 2
140.96924 1
142.8154 2
144.66156 4
145.1231 3
145.58463 4
146.04617 3
146.5077 0
148.35387 5
148.81541 6
149.27695 5
149.73848 6
150.20003 1
152.04617 0
152.96924 2
153.89232 0
154.35387 2
154.8154 0
155.27693 2
155.73846 1
157.58463 3
159.4308 4
161.27695 5
163.12311 6
164.96924 0
166.8154 2
168.66156 0
170.5077 1
172.35387 5
173.27693 6
174.20001 5
175.1231 6
176.04617 5
176.96925 6
177.89233 2
178.35387 0
178.8154 2
179.27693 1
179.73848 2
181.58464 0
182.50772 1
183.43079 0
184.35387 4
185.27695 3
186.20001 2
187.12311 1
188.96925 5
189.89233 6
190.81541 0
191.73848 4
192.66158 0
193.58463 3
194.50772 2
196.35388 1
198.20001 5
200.04617 6
201.89233 0
203.27695 4
203.73848 3
205.58464 0
206.50772 5
207.43079 6
208.35387 2
209.27695 1