0.27 2
2.375263 0
4.480526 2
6.5857897 1
8.691052 5
10.796316 6
12.901579 3
15.006843 4
17.112106 0
19.21737 1
21.322632 2
23.427896 0
25.533161 5
26.585793 1
27.638424 6
28.691053 0
30.796318 2
31.848948 4
32.90158 3
35.006844 1
36.059475 0
37.112106 1
38.16474 2
40.27 3
40.796318 4
41.32263 3
42.375263 5
43.427895 6
44.48053 0
45.533157 1
46.585793 2
47.638424 1
48.69105 2
50.79632 4
51.32263 3
51.84895 4
52.90158 0
53.427895 2
53.954212 0
55.006847 6
56.05948 5
57.112106 1
59.21737 2
60.27 5
61.32263 6
63.427895 4
64.48053 3
65.53316 0
67.63843 1
68.691055 2
69.74369 1
71.848946 6
72.37526 0
72.90158 5
73.42789 0
73.95421 2
76.05947 3
77.11211 4
77.63842 3
78.16474 0
79.21737 2
79.74368 0
80.27 6
81.322624 5
82.37526 1
83.427895 2
84.48053 4
86.84894 3
88.9542 0
89.74368 5
90.79631 6
91.84894 1
92.90157 2
93.95421 4
94.48052 3
96.05947 6
96.585785 5
97.37527 0
99.21737 2
100.533165 1
101.32263 2
102.37526 6
103.427895 0
104.48052 5
105.53316 0
106.58579 4
107.63843 3
108.691055 2
110.27 0
111.84895 1
113.95421 3
116.05947 4
118.164734 5
120.270004 6
122.37527 0
124.48052 1
126.585785 2
128.69104 3
130.79631 6
132.90158 4
135.00685 5
137.1121 1
139.21738 0
141.32263 2
141.84895 0
142.37526 2
143.4279 1
144.48053 4
145.00685 3
145.53316 5
146.5858 6
147.63843 0
148.69106 1
149.7437 2
150.79633 1
151.84895 4
152.37526 3
153.95422 6
154.48053 5
156.05948 0
156.5858 2
158.16475 1
160.27 3
161.32265 5
162.37526 3
163.4279 5
164.48053 4
165.53317 6
166.5858 4
167.63843 6
168.69106 1
169.7437 2
170.79634 1
171.84895 2
172.90158 0
173.42789 1
173.95422 0
174.48053 2
175.00687 0
175.53317 1
177.11212 5
178.16475 6
178.69106 5
179.21738 3
180.26999 4
180.79633 3
181.32263 0
182.37527 2
182.90158 0
183.4279 1
184.48053 2
185.53317 3
186.5858 4
187.63841 5
188.69106 6
189.7437 1
190.79633 2
191.84894 0
192.90158 1
193.42789 2