0.16 0
2.6089795 2
5.057959 1
7.5069394 0
9.955919 5
11.792654 6
12.404899 5
14.853878 4
16.690613 3
17.302856 4
19.751837 0
20.976328 1
22.200817 0
23.425306 1
24.649797 2
27.098778 3
28.935509 1
29.547756 0
30.772245 5
31.996735 0
33.221226 6
34.445713 0
35.670204 2
36.894695 1
39.343674 3
39.955917 4
40.56816 3
41.180412 4
41.792656 2
44.241634 0
45.46612 2
46.690617 1
49.139595 5
49.751835 0
50.364082 6
50.976326 0
51.588573 2
53.42531 3
54.649796 1
55.874287 4
57.098778 1
58.935513 6
59.54776 0
60.16 5
60.772247 0
61.38449 2
63.83347 1
65.05796 4
66.28245 3
68.73143 0
69.95592 2
71.18041 0
73.629395 5
74.85388 1
76.07838 5
78.52735 3
79.75185 2
80.97633 4
83.425316 6
85.87429 5
87.098785 0
88.32328 3
88.93552 4
89.54776 3
90.16 4
92.608986 0
93.833466 1
95.670204 2
96.8947 0
98.119194 5
98.73144 6
99.34367 5
99.95592 6
100.56817 2
103.01715 0
104.24164 2
105.466125 1
107.91511 1
108.52736 2
109.13959 1
109.75184 2
110.36408 0
112.20083 5
113.425316 3
114.6498 5
115.87429 3
117.71103 1
118.32327 2
118.93552 1
119.54776 2
120.16 0
122.608986 6
123.83348 4
125.05796 6
126.282455 4
127.50695 1
128.1192 0
128.73145 1
129.95593 2
130.56818 0
131.18042 1
132.4049 3
133.6294 4
134.85388 3
137.30286 5
137.91512 6
138.52736 5
139.75185 2
141.58858 0
142.20082 1
143.42532 2
144.6498 0
145.8743 1
147.09879 5
148.32327 1
149.54776 6
150.77225 1
151.99675 5
154.1396 3
154.44571 4
155.36409 4
155.67021 3
156.8947 6
158.11919 1
159.34369 5
160.56816 1
161.79266 6
164.24164 2
164.8539 0
165.46614 1
166.07838 0
166.69063 5
167.30286 6
167.9151 5
168.52734 2
169.1396 0
170.97633 3
171.58858 4
172.20082 0
172.81306 2
173.42531 0
174.03755 1
175.26207 4
175.87431 3
176.48656 5
177.0988 0
177.71103 5
178.32327 0
178.93552 6
179.54776 0
180.16002 6
180.77226 0
181.38449 2
182.609 0
183.22124 1
183.83348 2
185.05798 3
185.67023 4
186.28247 2
186.89471 0
187.50694 2
188.11919 1
189.34369 5
189.95593 6
190.56818 2
191.79266 4
193.01717 3
194.8539 5
195.46614 6
196.07838 3
196.69063 4
197.30287 3
197.9151 0
198.52734 2
200.36409 5
200.97633 6
201.58858 0
202.20082 2
202.81306 1
203.42531 0
204.64981 4
205.26204 3
205.8743 2