0.22588219 0
2.2847059 2
4.637647 1
6.990588 5
8.167059 6
9.343529 0
11.696471 2
14.049412 1
16.402351 3
17.578823 4
18.755295 0
21.108234 5
22.284704 6
23.461178 0
25.814117 2
26.99059 1
28.167059 0
30.52 4
31.69647 3
32.87294 0
34.931763 2
35.22588 0
37.578823 1
38.755295 5
39.34353 6
41.108234 0
42.284706 1
43.461178 2
44.637646 4
45.225883 3
45.814117 4
46.990585 1
48.167057 2
49.343533 0
49.931763 5
50.52 0
51.10823 6
51.69647 0
54.049408 1
56.40235 4
57.578823 3
58.755295 4
59.34353 3
59.931767 4
61.10823 2
61.69647 0
63.461178 1
64.04941 0
65.81412 6
66.990585 0
68.16706 5
69.34353 0
70.520004 2
71.696465 4
72.2847 3
73.16705 0
74.63764 1
76.40235 2
77.57882 6
78.16705 0
78.75529 5
79.34352 0
79.931755 2
81.10823 4
82.2847 2
83.461174 3
84.63764 2
85.81411 0
86.990585 5
87.57882 6
88.16706 5
89.34352 2
91.40234 0
91.69646 2
94.04941 5
94.63764 0
95.22587 1
95.8141 0
96.40235 6
96.990585 0
97.57882 1
98.16706 0
98.75529 2
99.93176 4
101.10822 3
102.2847 4
103.46117 2
104.04941 0
104.63765 2
105.225876 0
105.81411 1
106.990585 2
108.16705 4
109.34352 3
110.52 5
111.696465 6
112.87293 4
113.461174 3
114.049416 4
114.63764 3
115.225876 0
116.40235 1
117.57881 2
118.75529 0
119.931755 1
121.10823 0
122.2847 5
123.46117 6
124.63764 5
125.22587 6
125.81411 5
126.40235 6
126.99058 1
128.16705 0
129.34352 2
130.52 0
131.69646 3
134.04942 4
134.63765 3
135.22589 4
135.81412 3
136.40236 2
137.57881 0
138.7553 1
141.10825 0
141.69647 4
141.99059 3
142.87294 3
143.16707 4
144.04941 5
145.22588 6
146.40236 2
147.57883 5
147.87294 0
148.7553 6
149.04941 0
149.93176 2
150.52 0
151.10823 1
151.69647 0
152.28471 1
153.46118 3
154.04941 4
154.63765 3
155.22589 2
156.40236 5
156.99059 6
157.57883 1
158.7553 2
159.93176 0
160.52 5
161.10823 0
161.69647 1
162.28471 0
162.87294 6
163.46118 0
164.04941 1
164.63763 0
165.22588 5
165.81412 0
166.99059 2
168.16705 4
169.34354 2
170.52 3
171.69646 2
172.87294 0
174.04942 5
175.22589 6
176.40236 0
176.9906 1
177.57884 0
178.7553 2
179.93176 4
180.52 3
181.10822 4
182.28471 5
182.87292 6
183.46118 5
184.63763 2
185.22588 0
185.81412 2
186.40234 0
186.9906 1
189.04942 3
189.34354 4
191.69647 5
192.87294 6
194.04942 0
194.63765 2
195.22588 0
195.81413 2
196.40234 1
198.46118 4
198.75531 3
201.10823 5
201.69647 0
202.28471 6
202.87294 0
203.46117 2
204.04942 0
204.63765 1
205.22589 0
205.81413 2
206.99059 1
208.16705 4
209.34354 3
210.51999 5
211.10823 0
211.69647 5
212.28471 0
212.87294 6
213.46118 0
214.04942 6
214.63765 0
215.22589 2
216.40234 1
217.57883 0
219.04941 3
219.34352 4