0.06 0
1.8781818 2
3.6963634 1
5.5145454 0
7.332727 5
9.150909 6
10.96909 0
12.787273 4
13.696363 3
14.605454 2
15.514545 0
16.423635 5
16.878181 0
17.332727 6
18.241817 1
19.15091 2
20.060001 0
21.878181 5
22.787273 1
23.696362 6
24.605453 0
25.514545 2
25.96909 0
26.423635 2
27.332727 4
28.241817 3
29.150908 1
30.96909 5
31.423635 0
31.878181 6
32.332726 0
32.78727 1
33.69636 3
34.605453 4
35.514545 3
36.423637 1
37.332726 5
38.241817 2
39.15091 6
40.06 1
40.96909 0
41.423634 1
42.787273 2
43.696365 5
44.605457 0
45.514545 5
46.423634 0
46.878178 1
47.332726 0
48.01455 2
48.696365 1
49.15091 0
49.83273 2
50.969093 6
51.878178 0
52.787273 6
53.696365 0
54.15091 1
54.605453 0
55.287273 2
55.96909 1
56.423637 0
57.105457 2
57.78727 3
58.241817 4
58.696365 3
59.15091 4
60.059998 5
60.51455 6
60.96909 5
61.423637 6
61.87818 2
62.33273 0
62.787273 2
63.24182 0
63.696365 1
65.969086 4
66.42363 3
66.87818 4
67.332726 2
68.24182 0
69.1509 1
70.06 4
70.51454 3
70.969086 5
71.6509 6
72.10545 5
72.56 6
73.24181 0
73.69636 2
74.15091 0
74.60545 1
77.33272 3
77.78726 4
78.24181 6
78.92363 5
79.378174 6
79.832726 5
80.51454 0
81.878174 2
84.15091 5
84.605446 6
85.06 5
85.51454 0
86.19635 2
86.6509 0
87.105446 1
87.78726 3
88.24181 4
88.69636 3
89.15091 1
91.42363 6
91.87818 5
92.332726 6
92.78727 0
93.46909 2
93.92364 0
94.37818 2
94.60545 0
95.51454 1
96.42363 3
97.33272 5
98.24181 3
99.1509 5
100.06 4
100.969086 6
101.878174 4
102.78727 6
103.69636 0
104.605446 1
105.51454 0
105.969086 1
106.42363 0
107.33272 3
107.78726 4
108.241806 0
108.69635 2
109.1509 1
110.06 2
110.969086 4
111.42363 3
112.78727 5
113.241806 1
113.69636 6
114.605446 4
115.06 3
116.42363 2
116.87817 0
118.24182 3
118.69636 4
120.06 5
120.51454 6
120.969086 5
121.42363 6
121.87817 1
122.78727 2
123.241806 1
125.51454 5
126.42363 0
127.33272 1
128.24182 0
129.15091 6
130.06 0
130.96907 2
131.87817 0
132.78726 4
134.60545 3
135.96909 5
136.42363 6
137.78726 6
138.2418 5
139.60544 0
140.06 2
140.51454 0
140.96907 2
141.42363 0
141.87817 5
142.33272 6
142.78726 5
143.2418 6
143.69635 0
145.51454 1
147.78726 4
148.24182 3
148.69637 4
149.15091 2
150.06 0
150.96909 1
151.87817 4
152.33272 3
152.78726 5
153.46909 6
153.92363 5
154.37817 6
155.06 0
155.51454 2
155.96907 0
156.42363 1
159.1509 3
159.60544 4
160.06 6
160.7418 5
161.19635 6
161.6509 5
162.33272 0
163.69635 2
165.96907 5
166.42363 6
166.87817 5
167.33272 0
168.01453 2
168.46909 0
168.92363 1
169.60545 3
170.06 4
170.51453 3
170.96909 1
173.24182 6
173.69637 5
174.15091 6
174.60545 0
175.28726 2
175.7418 0
176.19635 2
176.42363 0
177.33272 1
178.2418 3
179.60544 4
180.06 3
180.51454 4
181.42363 2
182.33272 0
183.2418 2
184.1509 0
185.51454 5
186.87817 6
187.33272 5
187.78726 6
188.69635 2
189.15091 0
189.60545 2
190.06 0
190.51454 5
190.96909 6
191.42363 5
191.87817 0
192.33272 1
194.60544 3
195.51454 4
196.42363 1
198.69635 3
199.1509 4
199.60544 3
200.06 5
200.7418 6
201.19637 5
201.6509 6
202.33272 0
202.78726 2
203.24182 0
203.69637 1
205.96909 4
206.42363 3
206.87819 4
207.3327 6
208.01453 5
208.46907 6
208.92363 5
209.1509 1
209.60544 2
210.06 1
210.51454 2
210.96909 0
212.78726 2