0.997143 2
1.4257144 0
1.8542857 2
2.282857 0
2.7114286 1
3.14 0
3.568571 4
4.4257145 3
5.282857 5
5.7114286 6
6.14 0
6.568572 2
6.997143 0
8.068571 5
8.711428 6
9.139999 0
9.568571 2
10.4257145 3
11.282857 4
12.14 3
12.568571 4
12.997143 5
13.425714 6
13.854286 0
14.71143 1
15.568571 2
16.425714 1
17.282856 2
17.71143 0
18.140001 1
18.997143 3
19.425714 0
19.854286 4
20.282858 0
20.711428 2
21.782856 5
22.425713 6
22.854286 0
23.282856 1
24.14 5
24.997143 6
25.854284 2
26.282856 1
26.711426 2
27.14 1
27.568571 2
28.425713 4
29.282858 3
30.14 4
30.99714 3
31.854282 5
32.71143 6
33.56857 5
34.425713 6
35.282856 0
36.14 2
36.997143 1
37.854282 2
38.711426 1
39.14 0
39.56857 1
39.99714 0
40.425713 3
40.854282 4
41.282856 3
41.71143 4
42.14 5
42.56857 0
42.997143 5
43.425713 0
43.854282 6
44.282852 0
44.711426 6
45.14 0
45.56857 2
45.997143 0
46.425713 2
46.854282 0
47.282852 1
48.14 4
48.56857 3
48.99714 1
49.854282 2
50.71143 4
51.568573 2
52.425713 3
53.282856 2
54.14 0
54.56857 2
54.997143 0
55.854282 5
56.711426 6
57.568565 1
58.425713 2
59.282856 1
60.139996 2
60.997143 3
61.425716 4
61.854286 3
62.28286 4
62.925716 5
63.354286 1
63.78286 6
63.99714 0
64.64 6
65.068565 1
65.49714 5
65.711426 0
66.35429 3
66.99714 4
67.85429 2
68.28286 0
68.711426 2
69.568565 5
70.42571 6
71.28285 5
72.14 6
72.99715 4
73.85429 3
74.711426 4
75.568565 3
76.42571 5
77.28286 3
78.14 6
78.99714 4
79.85428 2
80.28285 0
80.711426 2
81.14 0
81.568565 1
81.99714 1
82.42571 1
82.85428 1
83.28285 2
83.711426 0
84.13999 2
84.568565 0
84.99714 1
85.42571 0
85.85428 4
86.711426 3
87.568565 5
87.99714 6
88.42571 0
88.85428 2
89.28285 0
90.35428 5
90.99714 6
91.425705 0
91.85428 2
92.711426 3
93.568565 4
94.42571 3
94.85428 4
95.28285 5
95.711426 6
96.14 0
96.99714 1
97.85428 2
98.711426 1
99.568565 2
99.99714 0
100.42571 1
101.28285 3
101.711426 0
102.14 4
102.568565 0
102.99714 2
104.068565 5
104.711426 6
105.14 0
105.568565 1
106.425705 5
107.28285 6
108.13999 2
108.568565 1
108.99713 2
109.425705 1
109.85428 2
110.711426 4
111.568565 3
112.425705 4
113.28285 3
114.13999 5
114.99714 6
115.85428 5
116.711426 6
117.568565 0
118.425705 2
119.28285 1
120.13999 2
120.99713 1
121.425705 0
121.85428 1
122.28285 0
122.711426 3
123.13999 4
123.568565 3
123.99714 4
124.425705 5
124.85428 0
125.28285 5
125.711426 0
126.13999 6
126.56856 0
126.99713 6
127.425705 0
127.85428 2
128.28285 0
128.71143 2
129.13998 0
129.56856 1
130.4257 4
130.85428 3
131.28285 1
132.13998 2
132.99713 4
133.85428 2
134.71143 3
135.56857 2
136.4257 0
136.85428 2
137.28285 0
139.42572 0
139.8543 2
140.28287 0
140.71144 2
141.14001 0
141.56857 1
141.99715 0
142.42572 4
143.28287 3
144.14001 5
144.56857 6
144.99715 0
145.42572 2
145.8543 0
146.92572 5
147.56857 6
147.99715 0
148.42572 2
149.28287 3
150.14001 4
150.99715 3
151.42572 4
151.8543 5
152.28287 6
152.71144 0
153.56857 1
154.42572 2
155.28287 1
156.14001 2
156.56857 0
156.99715 1
157.8543 3
158.28287 0
158.71144 4
159.14001 0
159.56857 2
160.64001 5
161.28287 6
161.71144 0
162.14001 1
162.99715 5
163.8543 6
164.71144 2
165.14001 1
165.56857 2
165.99715 1
166.42572 2
167.28287 4
168.14001 3
168.99715 4
169.8543 3
170.71143 5
171.56857 6
172.42572 5
173.28287 6
174.14001 0
174.99715 2
175.8543 1
176.71143 2
177.56857 1
177.99715 0
178.42572 1
178.8543 0
179.28287 3
179.71143 4
180.14001 3
180.56857 4
180.99715 5
181.42572 0
181.8543 5
182.28287 0
182.71143 6
183.14 0
183.56857 6
183.99715 0
184.42572 2
184.8543 0
185.28287 2
185.71143 0
186.14 1
186.99715 4
187.42572 3
187.8543 1
188.71143 2
189.56857 4
190.42572 2
191.28287 3
192.14001 2
192.99715 0
193.42572 2
193.8543 0
194.71143 5
195.56857 6
196.42572 1
197.28287 2
198.14001 1
198.99715 2
199.8543 3
200.28287 4
200.71144 3
201.14001 4
201.78287 5
202.21144 1
202.64001 6
202.8543 0
203.49715 6
203.92572 1
204.35428 5
204.56857 0
205.21143 3
205.85428 4
206.71143 2
207.14001 0
207.56857 2
208.42572 5
209.28287 6
210.14 5
210.99715 6
211.8543 4
212.71143 3
213.56857 4
214.42572 3
215.28287 5
216.14001 3
216.99715 6
217.85428 4
218.71143 2
219.14 0
219.56857 2
219.99715 0
220.42572 1
220.85428 1
221.28287 1
221.71143 1
222.14 2
222.56857 0
222.99713 2
223.42572 0
223.85428 1
224.28287 0
224.71143 4
225.56857 3
226.42572 5
226.85428 6
227.28287 0
227.71143 2
228.14 0
229.21143 5
229.85428 6
230.28285 0
230.71143 2
231.56857 3
232.42572 4
233.28287 3
233.71143 4
234.14 5
234.56857 6
234.99715 0
235.85428 1
236.71143 2
237.56857 1
238.42572 2
238.85428 0
239.28287 1
240.14 3
240.56857 0
240.99715 4
241.42572 0
241.85428 2
242.92572 5
243.56857 6
243.99715 0
244.42572 1
245.28285 5
246.14 6
246.99713 2
247.42572 1
247.85428 2
248.28285 1
248.71143 2
249.56857 4
250.42572 3
251.28285 4
252.14 3
252.99713 5
253.85428 6
254.71143 5
255.56857 6
256.42572 0
257.28284 2
258.14 1
258.99713 2
259.85428 1
260.28284 0
260.71143 1
261.14 0
261.56857 3
261.99713 4
262.42572 3
262.85428 4
263.28284 5
263.71143 0
264.14 5
264.56857 0
264.99713 6
265.42572 0
265.85428 6
266.28284 0
266.71143 2
267.14 0
267.56857 2
267.99713 0
268.42572 1
269.28284 4
269.71143 3
270.14 1
270.99713 2
271.85428 4
272.71143 2
273.56857 3
274.42572 2
275.28284 0
275.71143 2
276.14 0
278.28287 0
278.71146 1
279.5686 3
280.42575 4
281.28287 2
282.14 0
282.99716 5
283.42572 6
283.8543 0
284.28287 2
284.71143 0
285.78287 5
286.42572 6
286.8543 0
287.28287 2